0.1297805
0.1743878
0.229035
0.2927880
0.3635507
0.4389367
0.5165596
0.5940328
0.66897
0.7389846
0.8016903
0.8547182
0.8969643
0.9294146
0.9532509
0.9696546
0.9798077
0.9848916
0.9860881
0.984579
0.9815072
0.9774807
0.9727154
0.9674183
0.9617963
0.9560566
0.9504059
0.9450513
0.9401998
0.9358246
0.9307403
0.923403
0.9122684
0.8957925
0.8724312
0.8406403
0.7988759
0.7456043
0.6807456
0.6071369
0.5279636
0.4464114
0.365666
0.2889129
0.2193378
0.1601262
0.1143590
0.08317047
0.06597604
0.062132
0.07099463
0.09192025
